Iter | Sampling Pol | Evaluation Pol | Best (Sampled) 
   0 -6.67 -5.34 -100000000.00 
   1 -6.57 -5.15 -6.67 
   2 -6.22 -5.13 -6.57 
   3 -6.44 -5.05 -6.22 
   4 -5.71 -5.31 -6.22 
   5 -6.01 -5.19 -5.71 
   6 -6.05 -5.00 -5.71 
   7 -5.57 -5.11 -5.71 
   8 -6.06 -4.90 -5.57 
   9 -5.88 -4.40 -5.57 
  10 -5.21 -4.44 -5.57 
  11 -5.35 -4.32 -5.21 
  12 -5.37 -4.27 -5.21 
  13 -5.69 -4.23 -5.21 
  14 -5.79 -4.15 -5.21 
  15 -5.06 -4.10 -5.21 
  16 -5.14 -4.06 -5.06 
  17 -5.37 -4.15 -5.06 
  18 -5.01 -4.09 -5.06 
  19 -5.51 -4.03 -5.01 
  20 -5.01 -4.04 -5.01 
  21 -5.27 -3.99 -5.01 
  22 -4.84 -4.06 -5.01 
  23 -4.86 -3.91 -4.84 
  24 -4.95 -3.95 -4.84 
  25 -5.03 -3.86 -4.84 
  26 -4.27 -3.81 -4.84 
  27 -4.70 -3.84 -4.27 
  28 -4.73 -3.90 -4.27 
  29 -5.04 -3.78 -4.27 
  30 -4.66 -3.93 -4.27 
  31 -4.98 -3.93 -4.27 
  32 -4.31 -2.25 -4.27 
  33 -5.46 -0.71 -4.27 
  34 -4.02 -3.81 -4.27 
  35 -4.71 -3.82 -4.02 
  36 -3.83 -1.24 -4.02 
  37 -4.29 -3.84 -3.83 
  38 -3.67 -3.61 -3.83 
  39 -4.70  0.96 -3.67 
  40 -4.46 -0.75 -3.67 
  41 -3.17 -3.90 -3.67 
  42 -4.69 -3.90 -3.17 
  43 -3.75 -0.27 -3.17 
  44 -4.04  0.30 -3.17 
  45 -3.85  0.46 -3.17 
  46 -4.00 -0.09 -3.17 
  47 -4.38 -3.91 -3.17 
  48 -3.53  0.68 -3.17 
  49 -3.13  0.56 -3.17 
  50 -3.62 -0.50 -3.13 
  51 -3.19 -0.53 -3.13 
  52 -3.55 -0.47 -3.13 
  53 -3.87 -0.94 -3.13 
  54 -3.93  1.88 -3.13 
  55 -3.35  1.90 -3.13 
  56 -3.90  2.33 -3.13 
  57 -3.70  2.36 -3.13 
  58 -1.80  3.77 -3.13 
  59 -2.30  3.46 -1.80 
  60 -2.84  2.56 -1.80 
  61 -3.28  3.63 -1.80 
  62 -3.81  4.58 -1.80 
  63 -0.10  8.58 -1.80 
  64 -3.91  8.19 -0.10 
  65  3.75 14.15 -0.10 
  66 -1.02 13.91  3.75 
  67 -3.18  8.59  3.75 
  68  9.44 12.83  3.75 
  69 -2.82 10.18  9.44 
  70  5.13 26.33  9.44 
  71  0.99 31.52  9.44 
  72 -2.99 19.03  9.44 
  73 -2.61 22.51  9.44 
  74 -3.55 18.04  9.44 
  75  1.06 23.82  9.44 
  76  1.34 21.58  9.44 
  77 -3.05 19.46  9.44 
  78 -4.28 18.49  9.44 
  79 -3.66 17.75  9.44 
  80 -2.47 17.14  9.44 
  81  3.45 15.42  9.44 
  82 -2.33 22.67  9.44 
  83 -1.84 21.40  9.44 
  84 -4.40 23.20  9.44 
  85 -2.29 14.84  9.44 
  86  8.14 12.49  9.44 
  87  1.39 38.69  9.44 
  88  6.78 34.81  9.44 
  89 -1.89 60.85  9.44 
  90 -3.35  2.69  9.44 
  91 22.31  3.47  9.44 
  92  3.62  3.10 22.31 
  93 -0.21  2.87 22.31 
  94 10.70  3.21 22.31 
  95  8.50  6.54 22.31 
  96 17.07  2.90 22.31 
  97 -3.01  2.26 22.31 
  98  2.69  2.77 22.31 
  99 -0.25  2.89 22.31 
 100  7.71  2.84 22.31 
 101  3.89 57.73 22.31 
 102  5.85 10.64 22.31 
 103  5.74 14.11 22.31 
 104 21.06 29.98 22.31 
 105 20.06 41.42 22.31 
 106  2.48 71.37 22.31 
 107 27.55 80.39 22.31 
 108  3.79 30.82 27.55 
 109 20.97 29.05 27.55 
 110  2.53 37.89 27.55 
 111  9.57 71.93 27.55 
 112  0.64 67.73 27.55 
 113 10.28 81.60 27.55 
 114 22.43 74.23 27.55 
 115 20.48 55.44 27.55 
 116 22.36 66.37 27.55 
 117 11.74 61.59 27.55 
 118 23.42 64.85 27.55 
 119 21.34 74.14 27.55 
 120 38.83 69.61 27.55 
 121 12.40 75.99 38.83 
 122 13.13 85.06 38.83 
 123 12.09 66.08 38.83 
 124  9.80 65.00 38.83 
 125  8.63 78.30 38.83 
 126  1.64 77.22 38.83 
 127  4.74 139.18 38.83 
 128 20.02 113.44 38.83 
 129  7.19 78.54 38.83 
 130 12.75 37.48 38.83 
 131 20.23 97.26 38.83 
 132 13.48 93.19 38.83 
 133 14.79 73.53 38.83 
 134 20.86 59.02 38.83 
 135 25.88 50.88 38.83 
 136  5.85 50.98 38.83 
 137 10.16 67.17 38.83 
 138  7.60 66.90 38.83 
 139 21.81 54.69 38.83 
 140  2.56 59.83 38.83 
 141  8.10 51.20 38.83 
 142 10.85 63.19 38.83 
 143  4.63 18.24 38.83 
 144 24.89 10.62 38.83 
 145 21.20  8.74 38.83 
 146  7.06  8.74 38.83 
 147 12.69  8.45 38.83 
 148 17.79  8.37 38.83 
 149 24.18  8.59 38.83 
 150 -2.38 11.82 38.83 
 151 -1.81 11.60 38.83 
 152 17.13 51.94 38.83 
 153  9.24 11.12 38.83 
 154 24.95  8.08 38.83 
 155  4.26  8.46 38.83 
 156  9.48 48.61 38.83 
 157  9.41  8.71 38.83 
 158 22.77 32.66 38.83 
 159  5.82 14.30 38.83 
 160 14.96 11.90 38.83 
 161 37.90 10.67 38.83 
 162 22.62 12.63 38.83 
 163 17.67 17.13 38.83 
 164  9.98 12.90 38.83 
 165 12.25 14.42 38.83 
 166  8.49 23.35 38.83 
 167  7.99 26.38 38.83 
 168 21.58 28.11 38.83 
 169 20.84 36.08 38.83 
 170  1.77 73.51 38.83 
 171  9.03 36.10 38.83 
 172 30.20 53.42 38.83 
 173 45.66 44.61 38.83 
 174 35.32 23.33 45.66 
 175 27.77 23.84 45.66 
 176 17.52 40.85 45.66 
 177 23.59 50.16 45.66 
 178 26.41 43.08 45.66 
 179  3.61 86.87 45.66 
 180 34.88 77.23 45.66 
 181 14.70 81.57 45.66 
 182 16.75 56.23 45.66 
 183 17.74 54.27 45.66 
 184 24.16 49.71 45.66 
 185 27.46 44.43 45.66 
 186 22.16 65.29 45.66 
 187 36.32 79.12 45.66 
 188 14.22 78.52 45.66 
 189 27.24 81.95 45.66 
 190 67.19 74.11 45.66 
 191 47.80 104.35 67.19 
 192  5.52 184.34 67.19 
 193 36.42 178.22 67.19 
 194 29.96 125.85 67.19 
 195 37.25 80.22 67.19 
 196  3.21 82.91 67.19 
 197 20.68 90.73 67.19 
 198 14.09 73.75 67.19 
 199 30.01 73.58 67.19 
 200 36.80 73.31 67.19 
 201 19.21 60.13 67.19 
 202 15.16 17.35 67.19 
 203 11.30 16.38 67.19 
 204 12.52 38.87 67.19 
 205 15.67 39.75 67.19 
 206 49.57 49.39 67.19 
 207 33.04 66.40 67.19 
 208 14.98 29.32 67.19 
 209 29.29 30.46 67.19 
 210 15.56 27.07 67.19 
 211 15.75 17.93 67.19 
 212 16.07 21.06 67.19 
 213  9.98 21.18 67.19 
 214 21.80 13.12 67.19 
 215 19.24  6.57 67.19 
 216 15.23  8.94 67.19 
 217 45.46 42.92 67.19 
 218 27.09 16.60 67.19 
 219 38.17 69.06 67.19 
 220 39.93 108.01 67.19 
 221 47.40 75.54 67.19 
 222 28.42 73.33 67.19 
 223 35.76 78.11 67.19 
 224 43.63 79.64 67.19 
 225 35.84 133.46 67.19 
 226 40.32 84.28 67.19 
 227 36.01 79.72 67.19 
 228 25.65 144.62 67.19 
 229 31.10 262.58 67.19 
 230 31.78 251.20 67.19 
 231 41.75 215.49 67.19 
 232 27.78 183.07 67.19 
 233 27.55 180.80 67.19 
 234 17.77 168.30 67.19 
 235 35.53 119.80 67.19 
 236 58.95 116.43 67.19 
 237  9.40 76.38 67.19 
 238 16.27 13.71 67.19 
 239 21.84  6.45 67.19 
 240 33.81 10.07 67.19 
 241 20.66  7.20 67.19 
 242 28.91  6.81 67.19 
 243 30.40 17.76 67.19 
 244  5.74  4.41 67.19 
 245 18.97 63.48 67.19 
 246 47.54  6.25 67.19 
 247 51.15  8.36 67.19 
 248 25.74  7.69 67.19 
 249 19.87 39.46 67.19 
 250 20.97  8.65 67.19 
 251 49.25  3.80 67.19 
 252 54.93  5.95 67.19 
 253 34.75  2.98 67.19 
 254 12.05  3.37 67.19 
 255 57.54  3.67 67.19 
 256 49.17  3.77 67.19 
 257 25.07  5.96 67.19 
 258 29.48  9.84 67.19 
 259 10.09  5.58 67.19 
 260 71.16 16.60 67.19 
 261 14.52 23.03 71.16 
 262 63.03 30.28 71.16 
 263 31.44 20.82 71.16 
 264 35.58 41.79 71.16 
 265 70.63 83.04 71.16 
 266 35.99 30.05 71.16 
 267 36.54 116.69 71.16 
 268 22.19 33.89 71.16 
 269 12.15 71.90 71.16 
 270 19.26 100.51 71.16 
 271 24.76 86.61 71.16 
 272 66.11 137.92 71.16 
 273 40.03 71.88 71.16 
 274 20.83 87.97 71.16 
 275 55.98 115.09 71.16 
 276 27.08 81.35 71.16 
 277 38.48 68.94 71.16 
 278 24.09 69.84 71.16 
 279 12.85 73.00 71.16 
 280 27.47 70.68 71.16 
 281 23.68 78.95 71.16 
 282 41.98 79.37 71.16 
 283 27.09 145.40 71.16 
 284 30.87 206.27 71.16 
 285 43.94 207.00 71.16 
 286 26.48 212.10 71.16 
 287 21.70 192.62 71.16 
 288 25.66 184.28 71.16 
 289  2.40 109.18 71.16 
 290  4.12 183.30 71.16 
 291 47.39 78.48 71.16 
 292 39.01 66.34 71.16 
 293 67.32 156.69 71.16 
 294 50.19 172.32 71.16 
 295 29.24 202.85 71.16 
 296 42.45 191.47 71.16 
 297 35.27 81.67 71.16 
 298 64.32 71.78 71.16 
 299 78.89 73.50 71.16 
 300 32.60 163.43 78.89 
 301 69.94 110.80 78.89 
 302 58.52 163.04 78.89 
 303 24.79 185.84 78.89 
 304 66.54 167.14 78.89 
 305 55.92 178.31 78.89 
 306 39.15 207.29 78.89 
 307 100.09 182.03 78.89 
 308  7.10 181.89 100.09 
 309 69.06 186.60 100.09 
 310 23.02 71.05 100.09 
 311 76.46 71.09 100.09 
 312 73.71 73.85 100.09 
 313 126.96 73.71 100.09 
 314 64.16 79.85 126.96 
 315 21.44 71.76 126.96 
 316 31.65 71.45 126.96 
 317 75.18 82.38 126.96 
 318 156.08 82.43 126.96 
 319 73.88 193.76 156.08 
 320 168.71 196.43 156.08 
 321 103.86 196.13 168.71 
 322 80.34 73.10 168.71 
 323 91.15 171.68 168.71 
 324 131.38 181.83 168.71 
 325 80.47 179.03 168.71 
 326 63.82 184.78 168.71 
 327 64.06 186.29 168.71 
 328 77.47 252.18 168.71 
 329 114.11 272.35 168.71 
 330 66.97 138.35 168.71 
 331 90.59 97.95 168.71 
 332 46.92 96.95 168.71 
 333 66.09 155.20 168.71 
 334 140.37 126.65 168.71 
 335 120.59 169.11 168.71 
 336 99.80 182.14 168.71 
 337 93.46 306.61 168.71 
 338 90.26 364.90 168.71 
 339 150.79 195.87 168.71 
 340 196.66 288.30 168.71 
 341 109.08 234.32 196.66 
 342 124.04 266.11 196.66 
 343 181.29 116.32 196.66 
 344 194.52 205.62 196.66 
 345 175.68 30.00 196.66 
 346 110.19 50.55 196.66 
 347 153.72 39.10 196.66 
 348 179.90 60.64 196.66 
 349 176.04 35.49 196.66 
 350 130.25 98.12 196.66 
 351 222.34 31.77 196.66 
 352 202.10 392.66 222.34 
 353 118.91 188.17 222.34 
 354 199.09 307.51 222.34 
 355 198.06 282.72 222.34 
 356 209.40 298.03 222.34 
 357 82.77 208.03 222.34 
 358 110.30 230.38 222.34 
 359 130.19 215.14 222.34 
 360 98.50 224.81 222.34 
 361 191.71 241.01 222.34 
 362 222.50 312.20 222.34 
 363 192.92 297.45 222.50 
 364 191.66 371.14 222.50 
 365 200.25 444.05 222.50 
 366 197.97 459.31 222.50 
 367 325.70 642.20 222.50 
 368 286.87 569.78 325.70 
 369 233.47 579.67 325.70 
 370 210.42 372.92 325.70 
 371 175.17 611.10 325.70 
 372 220.36 515.99 325.70 
 373 174.61 606.56 325.70 
 374 223.57 806.05 325.70 
 375 326.04 590.70 325.70 
 376 195.87 343.66 326.04 
 377 220.81 390.24 326.04 
 378 234.20 399.97 326.04 
 379 218.09 240.46 326.04 
 380 200.29 401.58 326.04 
 381 242.84 413.99 326.04 
 382 204.12 652.11 326.04 
 383 181.63 511.28 326.04 
 384 305.79 336.83 326.04 
 385 178.30 466.46 326.04 
 386 326.41 458.22 326.04 
 387 242.83 552.11 326.41 
 388 301.01 370.09 326.41 
 389 219.44 203.94 326.41 
 390 269.66 487.02 326.41 
 391 243.18 549.40 326.41 
 392 218.26 514.30 326.41 
 393 188.61 579.37 326.41 
 394 282.48 511.95 326.41 
 395 321.76 552.16 326.41 
 396 338.95 542.29 326.41 
 397 228.21 464.63 338.95 
 398 271.19 479.10 338.95 
 399 247.51 511.40 338.95 
 400 446.19 637.55 338.95 
 401 378.68 580.22 446.19 
 402 357.93 613.45 446.19 
 403 363.38 600.89 446.19 
 404 362.37 603.65 446.19 
 405 291.88 727.37 446.19 
 406 315.45 649.65 446.19 
 407 382.66 588.81 446.19 
 408 426.83 779.37 446.19 
 409 461.40 662.29 446.19 
 410 345.18 689.45 461.40 
 411 312.26 742.66 461.40 
 412 366.63 482.16 461.40 
 413 429.48 511.58 461.40 
 414 533.06 607.94 461.40 
 415 572.65 646.17 533.06 
 416 423.52 587.93 572.65 
 417 259.72 828.66 572.65 
 418 390.62 784.68 572.65 
 419 384.77 1027.13 572.65 
 420 509.72 1063.95 572.65 
 421 481.89 840.68 572.65 
 422 418.68 1009.64 572.65 
 423 381.86 866.08 572.65 
 424 474.39 765.69 572.65 
 425 543.15 554.89 572.65 
 426 425.62 839.55 572.65 
 427 419.71 759.19 572.65 
 428 401.51 1074.65 572.65 
 429 370.32 981.10 572.65 
 430 406.10 906.48 572.65 
 431 381.65 989.28 572.65 
 432 403.64 1039.66 572.65 
 433 525.05 902.58 572.65 
 434 425.52 949.53 572.65 
 435 484.48 1162.87 572.65 
 436 601.28 1041.62 572.65 
 437 513.49 1041.78 601.28 
 438 596.65 1094.06 601.28 
 439 493.81 1315.09 601.28 
 440 389.16 1131.36 601.28 
 441 581.52 1078.73 601.28 
 442 544.97 868.41 601.28 
 443 448.32 977.30 601.28 
 444 583.35 1100.36 601.28 
 445 617.12 1126.35 601.28 
 446 623.51 1110.87 617.12 
 447 874.07 1150.08 623.51 
 448 669.55 1095.96 874.07 
 449 833.64 1274.10 874.07 
 450 696.71 1204.97 874.07 
 451 451.38 1319.99 874.07 
 452 542.61 1191.62 874.07 
 453 659.79 885.14 874.07 
 454 637.30 1278.37 874.07 
 455 729.13 1415.04 874.07 
 456 644.78 1125.60 874.07 
 457 545.37 1361.02 874.07 
 458 651.05 1305.45 874.07 
 459 704.00 1285.34 874.07 
 460 706.13 1271.62 874.07 
 461 790.36 1370.33 874.07 
 462 628.92 1196.01 874.07 
 463 496.53 1240.19 874.07 
 464 757.67 1492.06 874.07 
 465 661.93 1166.34 874.07 
 466 498.44 1233.70 874.07 
 467 907.52 1326.73 874.07 
 468 812.88 1256.50 907.52 
 469 693.68 1145.33 907.52 
 470 657.43 1246.33 907.52 
 471 809.88 1475.27 907.52 
 472 877.46 1406.33 907.52 
 473 879.37 1271.89 907.52 
 474 854.46 1446.95 907.52 
 475 906.58 1413.38 907.52 
 476 1000.37 1597.29 907.52 
 477 882.88 1539.00 1000.37 
 478 908.23 1640.78 1000.37 
 479 851.79 1587.55 1000.37 
 480 943.80 1570.49 1000.37 
 481 697.92 1558.17 1000.37 
 482 817.23 1627.88 1000.37 
 483 862.79 1604.90 1000.37 
 484 964.97 1574.80 1000.37 
 485 827.32 1592.60 1000.37 
 486 923.14 1623.44 1000.37 
 487 781.13 1523.83 1000.37 
 488 857.07 1507.44 1000.37 
 489 959.44 1473.78 1000.37 
 490 785.26 1409.98 1000.37 
 491 870.99 1502.93 1000.37 
 492 877.46 1483.90 1000.37 
 493 1126.35 1549.06 1000.37 
 494 911.03 1525.47 1126.35 
 495 1207.06 1593.06 1126.35 
 496 1078.60 1743.40 1207.06 
 497 1178.91 1639.93 1207.06 
 498 1040.38 1664.87 1207.06 
 499 1054.22 1436.56 1207.06 
