Iter | Sampling Pol | Evaluation Pol | Best (Sampled) 
   0 -7.74 -5.94 -100000000.00 
   1 -7.61 -6.18 -7.74 
   2 -6.53 -6.03 -7.61 
   3 -7.54 -5.84 -6.53 
   4 -7.28 -5.31 -6.53 
   5 -6.79 -4.88 -6.53 
   6 -6.77 -4.61 -6.53 
   7 -6.70 -4.39 -6.53 
   8 -6.55 -4.55 -6.53 
   9 -5.97 -4.46 -6.53 
  10 -6.24 -4.32 -5.97 
  11 -6.04 -3.58 -5.97 
  12 -6.09 -3.58 -5.97 
  13 -6.62 -3.28 -5.97 
  14 -6.17 -3.54 -5.97 
  15 -6.22 -3.59 -5.97 
  16 -5.92 -3.64 -5.97 
  17 -6.38 -3.59 -5.92 
  18 -5.61 -3.53 -5.92 
  19 -5.67 -3.52 -5.61 
  20 -5.90 -3.06 -5.61 
  21 -5.63 -1.05 -5.61 
  22 -5.38  1.91 -5.61 
  23 -5.30  1.55 -5.38 
  24 -5.76  1.55 -5.30 
  25 -5.73  1.43 -5.30 
  26 -5.47  8.02 -5.30 
  27 -5.11  5.34 -5.30 
  28 -5.70  7.37 -5.11 
  29 -5.27  6.49 -5.11 
  30 -3.98  1.22 -5.11 
  31 -5.30  2.63 -3.98 
  32 -4.60  0.92 -3.98 
  33 -6.05  2.54 -3.98 
  34 -5.08  1.52 -3.98 
  35 -5.24  2.39 -3.98 
  36 -4.81  4.51 -3.98 
  37 -0.99  6.59 -3.98 
  38 -4.83  2.49 -0.99 
  39 -5.12  2.67 -0.99 
  40 -4.99  1.84 -0.99 
  41 -5.43  1.86 -0.99 
  42 -5.19  1.15 -0.99 
  43 -5.28 -3.92 -0.99 
  44 -4.92 -1.03 -0.99 
  45 -5.28 -3.22 -0.99 
  46 -4.92 -3.64 -0.99 
  47 -4.92 -2.81 -0.99 
  48 -4.90 -2.88 -0.99 
  49 -4.19 -2.15 -0.99 
  50 -4.76 -3.75 -0.99 
  51 -5.07 -2.99 -0.99 
  52 -4.22 -3.44 -0.99 
  53 -4.63 -2.37 -0.99 
  54 -5.15 -3.02 -0.99 
  55 -4.29 -3.81 -0.99 
  56 -4.69 -3.32 -0.99 
  57 -4.45 -3.16 -0.99 
  58 -4.97 -3.51 -0.99 
  59 -4.42 -2.36 -0.99 
  60 -4.56 -1.31 -0.99 
  61 -4.21 -3.53 -0.99 
  62 -4.60 -3.64 -0.99 
  63 -4.32 -3.53 -0.99 
  64 -3.90 -3.46 -0.99 
  65 -3.74 -3.42 -0.99 
  66 -2.68 -3.46 -0.99 
  67 -1.14 -3.58 -0.99 
  68 -2.29 -3.61 -0.99 
  69 -3.57 -3.46 -0.99 
  70 -3.75 -3.36 -0.99 
  71 -1.80 -3.48 -0.99 
  72 -3.44 -2.29 -0.99 
  73 -1.54 -1.53 -0.99 
  74 -3.14 -1.12 -0.99 
  75 -3.57 -2.65 -0.99 
  76 -1.79 -2.09 -0.99 
  77 -2.28  0.61 -0.99 
  78 -1.99  1.33 -0.99 
  79 -2.02  1.58 -0.99 
  80 -0.25 -2.55 -0.99 
  81 -2.31  0.82 -0.25 
  82 -1.63  6.77 -0.25 
  83 -3.01  2.90 -0.25 
  84 -3.11  1.01 -0.25 
  85 -1.05  5.58 -0.25 
  86 -0.06  4.43 -0.25 
  87 -2.92  4.49 -0.06 
  88 -2.71  3.39 -0.06 
  89 -1.80  1.67 -0.06 
  90 -0.62 -1.52 -0.06 
  91 -0.18 -0.97 -0.06 
  92 -1.22  4.23 -0.06 
  93 -2.26 -2.42 -0.06 
  94 -0.12 -1.60 -0.06 
  95 -2.39 -2.20 -0.06 
  96  4.87 -2.84 -0.06 
  97  5.81 -2.98  4.87 
  98 -0.79  0.81  5.81 
  99  0.62 -1.35  5.81 
 100  0.84  3.66  5.81 
 101  1.94  4.77  5.81 
 102 -1.25  1.57  5.81 
 103 -2.03 -1.01  5.81 
 104  0.44  3.63  5.81 
 105 -1.97  5.34  5.81 
 106  4.79  4.51  5.81 
 107 -1.41  4.30  5.81 
 108  1.69  7.91  5.81 
 109  1.07  6.70  5.81 
 110  0.26  7.77  5.81 
 111  5.54 17.25  5.81 
 112  4.43 31.28  5.81 
 113  9.74 25.59  5.81 
 114  6.69 18.12  9.74 
 115  9.49 10.65  9.74 
 116  1.16 18.14  9.74 
 117  6.41 24.11  9.74 
 118  6.22 18.61  9.74 
 119 30.21 20.44  9.74 
 120  9.29 12.37 30.21 
 121 21.33 15.95 30.21 
 122 24.60 15.73 30.21 
 123 16.01 18.25 30.21 
 124  7.39 21.66 30.21 
 125 12.51 15.12 30.21 
 126  3.18 25.24 30.21 
 127  8.43 15.26 30.21 
 128 21.71 126.95 30.21 
 129 18.93 26.26 30.21 
 130 19.58 164.55 30.21 
 131 12.37 126.49 30.21 
 132  3.86 24.26 30.21 
 133  7.03 39.32 30.21 
 134 34.45 32.70 30.21 
 135 19.02 24.54 34.45 
 136  8.24 23.10 34.45 
 137  6.34 35.95 34.45 
 138 25.83 22.86 34.45 
 139 12.24 23.08 34.45 
 140 11.38 56.68 34.45 
 141 24.70 15.32 34.45 
 142 12.75 23.13 34.45 
 143  5.25 37.52 34.45 
 144 27.15 27.92 34.45 
 145 30.18 27.89 34.45 
 146 37.33 37.76 34.45 
 147 14.72 33.39 37.33 
 148 50.10 77.29 37.33 
 149 57.71 54.41 50.10 
 150 39.99 61.77 57.71 
 151 14.58 51.81 57.71 
 152 35.41 39.24 57.71 
 153 19.14 83.70 57.71 
 154 38.00 68.25 57.71 
 155 29.22 87.91 57.71 
 156 16.89 41.20 57.71 
 157 65.19 46.06 57.71 
 158 24.35 24.74 65.19 
 159 61.32 81.60 65.19 
 160 47.24 70.73 65.19 
 161 49.64 53.40 65.19 
 162 24.85 111.28 65.19 
 163 35.05 43.02 65.19 
 164 45.24 85.07 65.19 
 165 61.75 77.22 65.19 
 166 30.30 29.10 65.19 
 167 73.04 39.28 65.19 
 168 52.66 69.80 73.04 
 169 50.30 31.98 73.04 
 170 33.74 45.54 73.04 
 171 26.80 39.61 73.04 
 172 103.57 46.08 73.04 
 173 62.07 78.99 103.57 
 174 56.45 45.06 103.57 
 175 72.67 45.43 103.57 
 176 50.83 57.19 103.57 
 177 55.61 60.29 103.57 
 178 66.96 51.61 103.57 
 179 42.14 48.15 103.57 
 180 44.31 51.36 103.57 
 181 106.88 54.99 103.57 
 182 63.93 108.54 106.88 
 183 59.66 44.63 106.88 
 184 70.21 47.10 106.88 
 185 89.21 49.59 106.88 
 186 65.15 41.70 106.88 
 187 97.66 40.37 106.88 
 188 64.08 61.85 106.88 
 189 97.84 44.48 106.88 
 190 69.38 119.89 106.88 
 191 93.00 41.03 106.88 
 192 64.16 53.93 106.88 
 193 75.88 47.91 106.88 
 194 85.15 68.90 106.88 
 195 97.43 44.63 106.88 
 196 123.40 135.88 106.88 
 197 64.28 42.78 123.40 
 198 99.46 100.06 123.40 
 199 89.46 66.40 123.40 
 200 94.30 43.10 123.40 
 201 113.91 138.66 123.40 
 202 116.65 122.32 123.40 
 203 167.60 193.39 123.40 
 204 119.84 118.12 167.60 
 205 89.60 125.63 167.60 
 206 134.02 156.22 167.60 
 207 141.84 75.27 167.60 
 208 77.01 184.96 167.60 
 209 44.80 59.92 167.60 
 210 114.25 132.47 167.60 
 211 90.21 152.16 167.60 
 212 80.77 161.17 167.60 
 213 113.18 161.88 167.60 
 214 100.82 124.21 167.60 
 215 162.03 259.72 167.60 
 216 127.05 239.97 167.60 
 217 111.54 225.33 167.60 
 218 82.67 198.34 167.60 
 219 119.40 192.11 167.60 
 220 128.64 205.54 167.60 
 221 79.89 286.69 167.60 
 222 128.03 228.93 167.60 
 223 115.63 201.94 167.60 
 224 107.76 240.64 167.60 
 225 61.33 170.27 167.60 
 226 114.07 185.59 167.60 
 227 79.06 171.86 167.60 
 228 135.96 246.52 167.60 
 229 176.14 149.86 167.60 
 230 155.30 149.61 176.14 
 231 141.79 141.67 176.14 
 232 145.35 146.53 176.14 
 233 172.62 108.15 176.14 
 234 105.22 112.45 176.14 
 235 74.14 122.53 176.14 
 236 89.57 107.48 176.14 
 237 135.20 109.19 176.14 
 238 102.91 151.59 176.14 
 239 114.19 183.89 176.14 
 240 82.00 143.15 176.14 
 241 142.63 107.72 176.14 
 242 63.67 114.31 176.14 
 243 108.82 106.76 176.14 
 244 113.47 113.30 176.14 
 245 206.25 223.98 176.14 
 246 167.30 208.73 206.25 
 247 206.74 256.07 206.25 
 248 189.25 158.31 206.74 
 249 54.32 173.56 206.74 
 250 92.35 163.61 206.74 
 251 190.70 108.27 206.74 
 252 140.04 108.60 206.74 
 253 108.48 211.94 206.74 
 254 108.80 172.08 206.74 
 255 207.44 281.45 206.74 
 256 187.41 136.28 207.44 
 257 143.20 194.60 207.44 
 258 194.52 228.21 207.44 
 259 232.07 234.10 207.44 
 260 230.71 162.80 232.07 
 261 84.86 178.18 232.07 
 262 153.98 115.20 232.07 
 263 149.42 108.85 232.07 
 264 101.28 72.94 232.07 
 265 124.01 92.33 232.07 
 266 95.28 120.78 232.07 
 267 111.26 175.55 232.07 
 268 196.93 162.91 232.07 
 269 163.89 133.86 232.07 
 270 135.48 178.92 232.07 
 271 153.26 143.20 232.07 
 272 195.97 108.36 232.07 
 273 180.98 144.78 232.07 
 274 211.19 182.59 232.07 
 275 185.73 218.98 232.07 
 276 251.70 219.84 232.07 
 277 178.73 376.20 251.70 
 278 143.08 364.86 251.70 
 279 161.69 210.16 251.70 
 280 163.96 225.50 251.70 
 281 260.25 242.94 251.70 
 282 160.15 292.54 260.25 
 283 215.34 272.52 260.25 
 284 166.47 286.24 260.25 
 285 234.56 372.62 260.25 
 286 254.86 457.28 260.25 
 287 253.51 418.62 260.25 
 288 354.93 370.19 260.25 
 289 246.87 355.39 354.93 
 290 253.71 467.75 354.93 
 291 226.29 445.43 354.93 
 292 259.94 475.20 354.93 
 293 288.76 478.17 354.93 
 294 259.37 467.52 354.93 
 295 213.29 388.41 354.93 
 296 181.47 447.04 354.93 
 297 258.53 440.91 354.93 
 298 243.75 442.16 354.93 
 299 242.38 384.70 354.93 
 300 208.85 490.16 354.93 
 301 253.64 528.26 354.93 
 302 240.80 655.18 354.93 
 303 202.72 687.37 354.93 
 304 251.83 638.11 354.93 
 305 277.20 652.27 354.93 
 306 263.97 615.07 354.93 
 307 266.24 682.68 354.93 
 308 285.64 555.24 354.93 
 309 266.70 607.65 354.93 
 310 243.29 611.90 354.93 
 311 288.50 600.79 354.93 
 312 273.01 527.33 354.93 
 313 442.48 622.78 354.93 
 314 377.71 675.66 442.48 
 315 312.58 600.21 442.48 
 316 391.95 676.21 442.48 
 317 399.61 591.21 442.48 
 318 406.13 717.18 442.48 
 319 413.36 725.85 442.48 
 320 382.94 921.94 442.48 
 321 412.76 880.42 442.48 
 322 393.80 837.67 442.48 
 323 362.26 775.35 442.48 
 324 546.68 935.69 442.48 
 325 432.60 930.31 546.68 
 326 352.74 803.02 546.68 
 327 494.15 908.86 546.68 
 328 488.43 1033.44 546.68 
 329 504.70 973.74 546.68 
 330 428.12 905.32 546.68 
 331 387.58 1021.70 546.68 
 332 393.29 912.07 546.68 
 333 580.15 909.72 546.68 
 334 460.51 996.04 580.15 
 335 419.92 971.78 580.15 
 336 375.77 975.84 580.15 
 337 488.19 1173.37 580.15 
 338 537.76 1078.61 580.15 
 339 724.43 947.68 580.15 
 340 485.09 964.75 724.43 
 341 543.79 1060.38 724.43 
 342 526.60 959.74 724.43 
 343 607.06 995.20 724.43 
 344 461.34 938.70 724.43 
 345 573.06 952.36 724.43 
 346 535.67 781.33 724.43 
 347 564.33 873.65 724.43 
 348 645.74 664.02 724.43 
 349 695.99 723.07 724.43 
 350 623.54 1040.18 724.43 
 351 577.37 866.15 724.43 
 352 645.02 649.02 724.43 
 353 520.65 965.35 724.43 
 354 739.94 1048.14 724.43 
 355 678.25 1107.83 739.94 
 356 645.74 1000.44 739.94 
 357 695.55 1011.07 739.94 
 358 658.48 974.07 739.94 
 359 636.01 865.65 739.94 
 360 619.07 867.68 739.94 
 361 719.55 858.82 739.94 
 362 455.43 925.89 739.94 
 363 795.93 957.53 739.94 
 364 560.07 1111.11 795.93 
 365 739.37 948.21 795.93 
 366 611.97 1079.06 795.93 
 367 693.95 1246.61 795.93 
 368 898.11 1234.11 795.93 
 369 955.94 1228.62 898.11 
 370 839.65 1334.61 955.94 
 371 925.64 1481.28 955.94 
 372 857.80 1218.86 955.94 
 373 895.58 1290.47 955.94 
 374 886.51 1236.84 955.94 
 375 871.66 988.34 955.94 
 376 857.63 1138.32 955.94 
 377 742.06 1183.03 955.94 
 378 953.12 1413.31 955.94 
 379 769.73 1321.20 955.94 
 380 983.43 1083.39 955.94 
 381 755.35 1042.71 983.43 
 382 895.53 1022.29 983.43 
 383 982.57 1233.38 983.43 
 384 933.66 982.77 983.43 
 385 816.10 1122.49 983.43 
 386 789.41 1120.95 983.43 
 387 1034.52 1268.11 983.43 
 388 1061.63 1047.79 1034.52 
 389 996.17 1222.77 1061.63 
 390 768.15 1450.95 1061.63 
 391 969.90 1474.17 1061.63 
 392 1013.55 1577.70 1061.63 
 393 968.40 1502.64 1061.63 
 394 1122.74 1386.67 1061.63 
 395 1302.63 1582.80 1122.74 
 396 1214.67 1572.96 1302.63 
 397 959.72 1641.43 1302.63 
 398 1016.79 1623.13 1302.63 
 399 877.50 1834.47 1302.63 
 400 1271.36 2011.16 1302.63 
 401 1236.38 1901.03 1302.63 
 402 1507.55 1692.95 1302.63 
 403 1369.43 1592.42 1507.55 
 404 1186.81 1676.86 1507.55 
 405 1321.58 1746.80 1507.55 
 406 1429.84 1592.18 1507.55 
 407 1437.84 1601.72 1507.55 
 408 1291.80 1359.30 1507.55 
 409 1447.45 1378.19 1507.55 
 410 1378.76 1733.35 1507.55 
 411 1348.98 1639.33 1507.55 
 412 1528.64 1611.35 1507.55 
 413 1496.07 1753.88 1528.64 
 414 1509.23 2035.25 1528.64 
 415 1468.43 1751.51 1528.64 
 416 1638.84 1973.58 1528.64 
 417 1333.81 1730.07 1638.84 
 418 1403.96 1867.52 1638.84 
 419 1586.32 1619.63 1638.84 
 420 1483.98 1687.58 1638.84 
 421 1802.66 1959.92 1638.84 
 422 1639.40 1978.32 1802.66 
 423 1783.20 2027.50 1802.66 
 424 1677.82 2202.06 1802.66 
 425 1915.20 1881.46 1802.66 
 426 1606.28 2106.37 1915.20 
 427 1786.28 1737.88 1915.20 
 428 1627.58 1943.60 1915.20 
 429 1590.28 1697.04 1915.20 
 430 1542.53 1851.99 1915.20 
 431 1693.59 1771.52 1915.20 
 432 1766.24 1758.41 1915.20 
 433 1868.89 2013.19 1915.20 
 434 1778.93 2079.85 1915.20 
 435 1826.94 1952.18 1915.20 
 436 1727.68 2207.35 1915.20 
 437 1707.79 2170.30 1915.20 
 438 1823.11 1924.29 1915.20 
 439 1781.77 2065.10 1915.20 
 440 1584.92 2072.76 1915.20 
 441 1932.00 2396.12 1915.20 
 442 1879.65 2385.71 1932.00 
 443 1813.22 2236.39 1932.00 
 444 1854.77 2222.80 1932.00 
 445 1926.24 2185.31 1932.00 
 446 1982.93 2143.59 1932.00 
 447 2291.64 2376.46 1982.93 
 448 2089.96 2321.71 2291.64 
 449 2080.66 2489.04 2291.64 
 450 2202.86 2478.10 2291.64 
 451 1936.94 2493.78 2291.64 
 452 2049.11 2377.86 2291.64 
 453 2176.55 2305.54 2291.64 
 454 2203.68 2549.49 2291.64 
 455 2358.25 2291.32 2291.64 
 456 2121.39 2829.47 2358.25 
 457 2366.59 2593.10 2358.25 
 458 2186.69 2483.41 2366.59 
 459 2163.82 2681.89 2366.59 
 460 2127.61 2651.87 2366.59 
 461 2439.49 2709.13 2366.59 
 462 2208.75 2341.61 2439.49 
 463 2002.19 2727.16 2439.49 
 464 2253.84 2668.82 2439.49 
 465 2497.44 2652.01 2439.49 
 466 2172.18 2291.80 2497.44 
 467 2704.32 2609.72 2497.44 
 468 2447.51 2469.89 2704.32 
 469 2357.76 2524.12 2704.32 
 470 2510.31 2414.49 2704.32 
 471 2380.96 2464.71 2704.32 
 472 2636.60 2593.14 2704.32 
 473 2556.68 2482.90 2704.32 
 474 2370.95 2234.24 2704.32 
 475 2497.09 2497.04 2704.32 
 476 2511.24 2389.72 2704.32 
 477 2711.11 2429.03 2704.32 
 478 2562.88 2534.66 2711.11 
 479 2814.68 2896.99 2711.11 
 480 2793.03 2870.55 2814.68 
 481 2664.09 2904.02 2814.68 
 482 2541.96 3084.99 2814.68 
 483 2821.93 2964.69 2814.68 
 484 2647.97 2933.82 2821.93 
 485 2729.67 3027.16 2821.93 
 486 2721.45 3097.10 2821.93 
 487 2805.48 3133.20 2821.93 
 488 2758.34 3158.19 2821.93 
 489 2508.48 3181.97 2821.93 
 490 2710.20 3039.17 2821.93 
 491 2811.90 2695.45 2821.93 
 492 2943.03 2934.96 2821.93 
 493 2901.07 2681.49 2943.03 
 494 2822.05 2817.27 2943.03 
 495 2792.19 2839.41 2943.03 
 496 2728.79 2998.88 2943.03 
 497 2889.86 2878.93 2943.03 
 498 2868.72 2894.10 2943.03 
 499 2749.65 2487.91 2943.03 
