Iter | Sampling Pol | Evaluation Pol | Best (Sampled) 
   0 -6.91 -5.93 -100000000.00 
   1 -7.24 -5.58 -6.91 
   2 -6.65 -5.48 -6.91 
   3 -6.67 -5.33 -6.65 
   4 -6.36 -5.50 -6.65 
   5 -6.08 -5.29 -6.36 
   6 -6.62 -4.91 -6.08 
   7 -6.25 -4.75 -6.08 
   8 -6.35 -4.86 -6.08 
   9 -5.95 -3.06 -6.08 
  10 -5.82 -4.47 -5.95 
  11 -5.26 -4.36 -5.82 
  12 -5.48 -4.42 -5.26 
  13 -5.82 -4.56 -5.26 
  14 -5.48 -2.27 -5.26 
  15 -5.75 -1.90 -5.26 
  16 -5.68 -1.39 -5.26 
  17 -5.53 -4.21 -5.26 
  18 -5.32 -4.27 -5.26 
  19 -4.99 -4.15 -5.26 
  20 -5.53 -1.17 -4.99 
  21 -5.03 -1.54 -4.99 
  22 -5.21 -2.80 -4.99 
  23 -4.60 -3.64 -4.99 
  24 -4.73 -2.26 -4.60 
  25 -5.61 -3.85 -4.60 
  26 -3.47 -3.97 -4.60 
  27 -4.82 -2.35 -3.47 
  28 -5.34 -1.74 -3.47 
  29 -2.24  6.17 -3.47 
  30 -4.03 11.72 -2.24 
  31 -4.50  4.54 -2.24 
  32 -4.87  8.70 -2.24 
  33 -3.56  8.51 -2.24 
  34 -0.11  7.85 -2.24 
  35 -3.08  7.00 -0.11 
  36  0.64 -0.27 -0.11 
  37  0.92  2.94  0.64 
  38  0.55  9.96  0.92 
  39 -1.18  8.32  0.92 
  40 -2.21  5.02  0.92 
  41 -2.43  9.66  0.92 
  42 -1.49 12.31  0.92 
  43 -0.85 19.25  0.92 
  44  0.99 10.66  0.92 
  45 -2.92 26.96  0.99 
  46  0.04 13.39  0.99 
  47 -2.47 21.56  0.99 
  48 -3.07 13.86  0.99 
  49  3.53 12.20  0.99 
  50 -2.33 36.54  3.53 
  51 -0.24 14.32  3.53 
  52 -1.09 14.51  3.53 
  53 -0.85 17.38  3.53 
  54  4.37 10.86  3.53 
  55  2.71 11.97  4.37 
  56 -0.21 12.98  4.37 
  57  6.69 14.64  4.37 
  58 -1.80 17.53  6.69 
  59 -3.52 16.62  6.69 
  60 -1.48 26.33  6.69 
  61 -0.80  9.53  6.69 
  62 -1.50 13.19  6.69 
  63  1.14 10.79  6.69 
  64 -0.54  7.18  6.69 
  65 19.35 10.83  6.69 
  66  0.99 14.80 19.35 
  67 10.84 20.31 19.35 
  68  6.14 19.67 19.35 
  69 11.15 19.23 19.35 
  70  6.59 15.12 19.35 
  71 12.87 11.90 19.35 
  72 -0.91 42.01 19.35 
  73  4.53 24.04 19.35 
  74  0.90 60.64 19.35 
  75 -0.25 25.45 19.35 
  76  2.03 77.02 19.35 
  77 10.99 48.29 19.35 
  78 11.21 101.23 19.35 
  79 16.05 40.04 19.35 
  80 23.48 24.62 19.35 
  81  3.49 39.02 23.48 
  82 27.39 41.00 23.48 
  83  1.88 64.58 27.39 
  84  0.95 124.58 27.39 
  85  7.27 58.53 27.39 
  86  8.31 34.94 27.39 
  87  4.72 42.68 27.39 
  88 10.53 52.33 27.39 
  89 -0.26 37.79 27.39 
  90  8.87 62.88 27.39 
  91  9.65 118.61 27.39 
  92  4.15 32.03 27.39 
  93 11.06 67.33 27.39 
  94 23.26 18.23 27.39 
  95 14.48 26.94 27.39 
  96 23.14 22.95 27.39 
  97 34.25 28.37 27.39 
  98 27.76 23.48 34.25 
  99  6.76 19.77 34.25 
 100 15.94 18.56 34.25 
 101 17.86 20.10 34.25 
 102 24.26 22.65 34.25 
 103 17.48 13.92 34.25 
 104 15.75 18.58 34.25 
 105 26.41  6.11 34.25 
 106 14.44 14.01 34.25 
 107 28.05 13.40 34.25 
 108 23.26 23.38 34.25 
 109 30.28 14.11 34.25 
 110  9.51 14.90 34.25 
 111 32.13 32.55 34.25 
 112  8.21 20.16 34.25 
 113  7.87 14.06 34.25 
 114  3.28 11.11 34.25 
 115 12.64 13.79 34.25 
 116 14.05 14.65 34.25 
 117 19.16 13.21 34.25 
 118 26.68 12.93 34.25 
 119 47.64 19.41 34.25 
 120 12.55 14.64 47.64 
 121 34.01 21.28 47.64 
 122  9.68 30.35 47.64 
 123 13.11 26.84 47.64 
 124 40.84 39.93 47.64 
 125 59.13 19.38 47.64 
 126 40.03 20.74 59.13 
 127 30.70 40.22 59.13 
 128 35.41 62.77 59.13 
 129 56.42 29.85 59.13 
 130 57.01 92.90 59.13 
 131 49.18 118.74 59.13 
 132 41.77 145.31 59.13 
 133 20.90 149.60 59.13 
 134 59.29 36.11 59.13 
 135 80.13 69.19 59.29 
 136 44.90 17.95 80.13 
 137 70.30 21.24 80.13 
 138 55.00 66.52 80.13 
 139 62.23 72.54 80.13 
 140 72.12 35.17 80.13 
 141 65.01 102.83 80.13 
 142 86.21 123.47 80.13 
 143 37.63 114.34 86.21 
 144 56.02 38.78 86.21 
 145 74.82 70.75 86.21 
 146 69.57 75.38 86.21 
 147 59.56 145.87 86.21 
 148 75.96 28.14 86.21 
 149 102.11 219.89 86.21 
 150 56.56 82.76 102.11 
 151 97.54 146.67 102.11 
 152 106.19 133.45 102.11 
 153 86.95 91.90 106.19 
 154 109.30 117.82 106.19 
 155 82.69 136.94 109.30 
 156 79.93 100.48 109.30 
 157 118.50 89.38 109.30 
 158 103.21 60.64 118.50 
 159 75.30 82.66 118.50 
 160 93.03 28.26 118.50 
 161 67.87 62.61 118.50 
 162 74.97 42.68 118.50 
 163 108.51 278.59 118.50 
 164 76.06 179.50 118.50 
 165 98.75 101.22 118.50 
 166 108.07 165.47 118.50 
 167 103.43 143.43 118.50 
 168 161.86 162.74 118.50 
 169 110.71 257.41 161.86 
 170 134.38 267.92 161.86 
 171 74.04 251.05 161.86 
 172 155.24 218.21 161.86 
 173 172.99 173.74 161.86 
 174 151.52 285.86 172.99 
 175 180.64 304.24 172.99 
 176 152.56 244.50 180.64 
 177 158.30 354.04 180.64 
 178 170.72 167.61 180.64 
 179 128.40 149.86 180.64 
 180 116.81 99.19 180.64 
 181 107.46 95.42 180.64 
 182 111.64 195.44 180.64 
 183 140.04 215.54 180.64 
 184 134.73 341.42 180.64 
 185 86.77 219.19 180.64 
 186 166.04 267.50 180.64 
 187 115.17 182.11 180.64 
 188 170.23 303.03 180.64 
 189 128.68 286.07 180.64 
 190 224.15 223.76 180.64 
 191 155.79 152.79 224.15 
 192 151.37 209.11 224.15 
 193 193.16 191.39 224.15 
 194 171.45 176.80 224.15 
 195 195.47 219.65 224.15 
 196 208.73 280.28 224.15 
 197 139.21 202.95 224.15 
 198 187.49 303.43 224.15 
 199 161.78 276.83 224.15 
 200 158.32 307.36 224.15 
 201 245.22 288.19 224.15 
 202 187.47 217.53 245.22 
 203 228.41 166.50 245.22 
 204 266.71 261.24 245.22 
 205 227.09 170.15 266.71 
 206 268.56 205.50 266.71 
 207 311.76 254.56 268.56 
 208 279.19 327.68 311.76 
 209 191.74 356.79 311.76 
 210 209.27 292.02 311.76 
 211 268.97 299.11 311.76 
 212 319.81 325.13 311.76 
 213 396.47 327.72 319.81 
 214 253.97 175.15 396.47 
 215 308.67 354.38 396.47 
 216 253.13 368.80 396.47 
 217 382.67 229.14 396.47 
 218 353.44 340.98 396.47 
 219 386.16 324.71 396.47 
 220 324.24 248.68 396.47 
 221 366.43 294.06 396.47 
 222 315.60 346.75 396.47 
 223 314.57 328.50 396.47 
 224 292.36 229.55 396.47 
 225 291.27 352.42 396.47 
 226 316.46 354.02 396.47 
 227 251.81 470.23 396.47 
 228 351.55 509.77 396.47 
 229 387.90 495.87 396.47 
 230 425.76 573.24 396.47 
 231 472.18 690.70 425.76 
 232 424.04 598.47 472.18 
 233 389.33 619.43 472.18 
 234 297.17 530.67 472.18 
 235 406.73 425.79 472.18 
 236 465.23 520.78 472.18 
 237 529.30 698.82 472.18 
 238 438.84 589.13 529.30 
 239 445.83 621.59 529.30 
 240 403.04 785.09 529.30 
 241 472.24 789.35 529.30 
 242 526.11 826.19 529.30 
 243 604.42 713.35 529.30 
 244 575.19 584.70 604.42 
 245 641.50 742.68 604.42 
 246 651.58 693.31 641.50 
 247 582.82 853.14 651.58 
 248 615.67 622.47 651.58 
 249 523.52 627.10 651.58 
 250 516.29 598.37 651.58 
 251 705.05 736.03 651.58 
 252 586.05 779.15 705.05 
 253 563.31 561.74 705.05 
 254 706.96 750.90 705.05 
 255 581.43 877.35 706.96 
 256 577.45 518.37 706.96 
 257 705.92 693.19 706.96 
 258 656.15 924.00 706.96 
 259 776.90 808.78 706.96 
 260 730.00 626.81 776.90 
 261 762.51 803.76 776.90 
 262 673.24 914.70 776.90 
 263 669.53 999.23 776.90 
 264 732.09 1180.68 776.90 
 265 812.29 1252.05 776.90 
 266 613.29 1340.02 812.29 
 267 771.92 1226.15 812.29 
 268 1020.56 1100.01 812.29 
 269 931.77 984.54 1020.56 
 270 901.88 989.03 1020.56 
 271 675.12 1209.19 1020.56 
 272 963.80 1303.07 1020.56 
 273 1042.12 1177.42 1020.56 
 274 889.63 1295.82 1042.12 
 275 898.35 1065.34 1042.12 
 276 964.51 1108.74 1042.12 
 277 777.49 946.73 1042.12 
 278 886.57 1191.16 1042.12 
 279 877.61 1106.06 1042.12 
 280 829.29 1416.31 1042.12 
 281 1026.32 1336.09 1042.12 
 282 941.24 1376.01 1042.12 
 283 1095.42 1491.50 1042.12 
 284 848.47 1339.47 1095.42 
 285 1079.59 1350.70 1095.42 
 286 984.24 1344.38 1095.42 
 287 1142.18 1387.06 1095.42 
 288 1169.13 1522.78 1142.18 
 289 1045.00 1379.64 1169.13 
 290 1132.42 1340.07 1169.13 
 291 1082.10 1599.86 1169.13 
 292 1181.14 1700.12 1169.13 
 293 1058.32 1612.71 1181.14 
 294 1104.20 1520.74 1181.14 
 295 996.03 1618.67 1181.14 
 296 975.28 1669.74 1181.14 
 297 1263.14 1792.43 1181.14 
 298 1079.02 1887.20 1263.14 
 299 1166.83 1745.57 1263.14 
 300 986.73 1744.89 1263.14 
 301 1241.69 1459.74 1263.14 
 302 1170.22 1885.98 1263.14 
 303 1154.26 2153.11 1263.14 
 304 1295.34 1936.48 1263.14 
 305 1388.03 1730.47 1295.34 
 306 1188.12 1771.48 1388.03 
 307 1286.47 1595.65 1388.03 
 308 1036.61 1741.02 1388.03 
 309 1270.75 1737.26 1388.03 
 310 1071.90 1513.93 1388.03 
 311 1256.32 1742.66 1388.03 
 312 1194.26 1631.85 1388.03 
 313 1300.18 1858.05 1388.03 
 314 1297.80 1897.68 1388.03 
 315 1336.49 1986.11 1388.03 
 316 1442.03 1940.55 1388.03 
 317 1256.62 1971.27 1442.03 
 318 1698.07 1945.70 1442.03 
 319 1437.95 1984.21 1698.07 
 320 1507.11 1852.63 1698.07 
 321 1478.22 1800.17 1698.07 
 322 1427.48 1915.64 1698.07 
 323 1204.32 2123.20 1698.07 
 324 1515.93 1866.49 1698.07 
 325 1617.83 1656.67 1698.07 
 326 1501.79 1712.43 1698.07 
 327 1502.01 1419.08 1698.07 
 328 1587.26 1573.82 1698.07 
 329 1642.97 1561.58 1698.07 
 330 1676.06 1581.13 1698.07 
 331 1512.46 1633.56 1698.07 
 332 1563.29 1697.98 1698.07 
 333 1684.24 1991.46 1698.07 
 334 1504.94 1744.52 1698.07 
 335 1387.50 1832.03 1698.07 
 336 1618.15 1980.77 1698.07 
 337 1465.81 1837.59 1698.07 
 338 1397.37 2026.74 1698.07 
 339 1691.55 1653.81 1698.07 
 340 1524.49 1929.65 1698.07 
 341 1484.76 1931.09 1698.07 
 342 1440.71 1981.70 1698.07 
 343 1643.24 2042.19 1698.07 
 344 1669.17 2067.40 1698.07 
 345 1567.27 1865.12 1698.07 
 346 1695.99 2029.78 1698.07 
 347 1415.77 1869.67 1698.07 
 348 1591.31 1974.86 1698.07 
 349 1663.28 1872.23 1698.07 
 350 1698.39 1998.09 1698.07 
 351 1710.84 1918.75 1698.39 
 352 1653.65 1768.49 1710.84 
 353 1885.89 1858.29 1710.84 
 354 1629.74 1866.81 1885.89 
 355 1685.44 2002.05 1885.89 
 356 1879.85 2071.28 1885.89 
 357 1771.76 1857.54 1885.89 
 358 1804.73 2020.22 1885.89 
 359 1768.29 2053.53 1885.89 
 360 1748.45 2157.18 1885.89 
 361 1914.02 2152.76 1885.89 
 362 1783.81 2044.22 1914.02 
 363 2038.49 2182.11 1914.02 
 364 1821.79 1892.36 2038.49 
 365 1681.85 2071.74 2038.49 
 366 1865.39 1710.07 2038.49 
 367 2062.00 1936.86 2038.49 
 368 1869.82 1879.17 2062.00 
 369 1856.19 1580.26 2062.00 
 370 1683.80 2139.14 2062.00 
 371 1863.96 1889.25 2062.00 
 372 2016.11 2134.50 2062.00 
 373 2105.16 1951.16 2062.00 
 374 2049.97 1787.90 2105.16 
 375 1906.73 2286.18 2105.16 
 376 1689.94 2016.54 2105.16 
 377 1815.16 2137.51 2105.16 
 378 2105.47 2236.09 2105.16 
 379 1699.28 2281.00 2105.47 
 380 1946.29 2139.64 2105.47 
 381 1843.12 2220.20 2105.47 
 382 1883.25 1955.14 2105.47 
 383 2044.51 2132.52 2105.47 
 384 2071.81 2022.43 2105.47 
 385 2063.58 1953.83 2105.47 
 386 1748.79 2098.13 2105.47 
 387 2248.44 2107.14 2105.47 
 388 2203.48 2215.68 2248.44 
 389 2148.52 2075.66 2248.44 
 390 2016.56 1942.88 2248.44 
 391 2175.07 1853.37 2248.44 
 392 1949.65 1993.35 2248.44 
 393 2021.36 1862.29 2248.44 
 394 2137.90 2019.08 2248.44 
 395 2222.45 2205.62 2248.44 
 396 2255.86 2232.04 2248.44 
 397 2061.06 2503.88 2255.86 
 398 2214.45 2362.07 2255.86 
 399 2094.98 2602.56 2255.86 
 400 2052.95 2511.72 2255.86 
 401 2111.88 2341.86 2255.86 
 402 2346.72 2350.28 2255.86 
 403 2349.61 2359.62 2346.72 
 404 2262.80 2690.55 2349.61 
 405 2159.00 2607.03 2349.61 
 406 2231.10 2598.10 2349.61 
 407 2127.49 2661.30 2349.61 
 408 2218.48 2202.41 2349.61 
 409 2217.91 2531.78 2349.61 
 410 1997.36 2456.91 2349.61 
 411 2190.39 2641.61 2349.61 
 412 2176.77 2538.69 2349.61 
 413 2146.03 2495.65 2349.61 
 414 2286.44 2788.66 2349.61 
 415 2264.41 2714.59 2349.61 
 416 2275.14 2793.05 2349.61 
 417 2151.31 2687.10 2349.61 
 418 2260.52 2536.96 2349.61 
 419 2202.67 2704.61 2349.61 
 420 2285.62 2743.15 2349.61 
 421 2326.24 2767.96 2349.61 
 422 2310.26 2733.70 2349.61 
 423 2286.30 2948.73 2349.61 
 424 2360.59 2944.88 2349.61 
 425 2468.52 2734.94 2360.59 
 426 2499.53 2749.55 2468.52 
 427 2344.88 2792.60 2499.53 
 428 2425.41 2603.96 2499.53 
 429 2363.99 2534.23 2499.53 
 430 2289.44 2702.39 2499.53 
 431 2508.06 2852.94 2499.53 
 432 2568.73 3002.23 2508.06 
 433 2768.62 2876.33 2568.73 
 434 2539.13 2816.94 2768.62 
 435 2583.48 2992.83 2768.62 
 436 2467.61 3118.12 2768.62 
 437 2681.87 3008.38 2768.62 
 438 2595.07 3107.93 2768.62 
 439 2570.79 3112.12 2768.62 
 440 2360.70 3016.48 2768.62 
 441 2551.87 3063.94 2768.62 
 442 2569.18 2901.96 2768.62 
 443 2368.88 3064.22 2768.62 
 444 2517.03 2970.86 2768.62 
 445 2520.92 2806.55 2768.62 
 446 2508.73 2866.06 2768.62 
 447 2753.94 2619.73 2768.62 
 448 2563.80 2766.64 2768.62 
 449 2675.05 2835.04 2768.62 
 450 2555.84 2792.41 2768.62 
 451 2716.46 2851.76 2768.62 
 452 2404.40 2701.65 2768.62 
 453 2782.96 2803.26 2768.62 
 454 2552.29 2526.96 2782.96 
 455 2813.03 2985.34 2782.96 
 456 2621.04 2883.76 2813.03 
 457 2575.63 3083.88 2813.03 
 458 2455.20 2981.94 2813.03 
 459 2763.72 3074.27 2813.03 
 460 2571.56 3236.73 2813.03 
 461 2648.78 3329.95 2813.03 
 462 2639.85 3315.82 2813.03 
 463 2376.65 3036.84 2813.03 
 464 2677.49 3279.46 2813.03 
 465 2653.44 3019.18 2813.03 
 466 2580.66 3405.36 2813.03 
 467 2700.47 3262.54 2813.03 
 468 2648.82 3302.58 2813.03 
 469 2494.50 3215.60 2813.03 
 470 2655.74 3051.72 2813.03 
 471 2621.98 3397.91 2813.03 
 472 2610.61 3348.13 2813.03 
 473 2679.37 3293.65 2813.03 
 474 2635.65 3210.26 2813.03 
 475 2498.47 3296.95 2813.03 
 476 2941.21 3389.76 2813.03 
 477 2683.36 3325.86 2941.21 
 478 2779.66 3449.60 2941.21 
 479 2844.71 3239.49 2941.21 
 480 2890.31 3447.31 2941.21 
 481 2642.90 3422.66 2941.21 
 482 2729.27 3568.70 2941.21 
 483 2697.92 3473.66 2941.21 
 484 2795.47 3587.55 2941.21 
 485 2615.31 3576.93 2941.21 
 486 2749.42 3659.00 2941.21 
 487 2805.84 3378.95 2941.21 
 488 2680.86 3320.59 2941.21 
 489 2752.58 3168.38 2941.21 
 490 2740.87 3377.10 2941.21 
 491 2756.06 3442.21 2941.21 
 492 2912.07 3144.79 2941.21 
 493 2781.72 3405.01 2941.21 
 494 3012.72 3213.25 2941.21 
 495 2820.29 3033.75 3012.72 
 496 2735.86 3174.90 3012.72 
 497 2655.59 3156.71 3012.72 
 498 2889.44 3319.37 3012.72 
 499 2702.70 3249.33 3012.72 
