Iter | Sampling Pol | Evaluation Pol | Best (Sampled) 
   0 -4.36 -3.67 -100000000.00 
   1 -1.17 -3.67 -4.36 
   2 -4.13 -3.67 -1.17 
   3 -2.12 -3.62 -1.17 
   4 -0.36 -3.46 -1.17 
   5 -3.81  1.07 -0.36 
   6 -4.34  1.85 -0.36 
   7 -0.02  2.11 -0.36 
   8  1.29  2.28 -0.02 
   9  0.55  3.32  1.29 
  10  0.36  4.31  1.29 
  11 -2.36  2.69  1.29 
  12  1.31  4.74  1.29 
  13 -1.46 -0.94  1.31 
  14  3.74 -2.15  1.31 
  15  0.85 -0.14  3.74 
  16 -1.16 -1.90  3.74 
  17 -3.22 -1.11  3.74 
  18 -0.58 -0.46  3.74 
  19  2.26 -0.51  3.74 
  20  1.53 -0.50  3.74 
  21  5.56  4.92  3.74 
  22  6.80  2.81  5.56 
  23  4.71  1.84  6.80 
  24 21.73  7.15  6.80 
  25  4.48  9.17 21.73 
  26  4.60 15.44 21.73 
  27  4.91 19.83 21.73 
  28  8.93 24.81 21.73 
  29 12.48 18.85 21.73 
  30  2.33 46.25 21.73 
  31  6.45 41.75 21.73 
  32  3.26 18.66 21.73 
  33  0.43 38.41 21.73 
  34  5.46  8.39 21.73 
  35  9.91 55.40 21.73 
  36  5.65 35.93 21.73 
  37  7.33 45.33 21.73 
  38  3.16 19.19 21.73 
  39  7.93 34.69 21.73 
  40 14.47 28.27 21.73 
  41 12.07 106.66 21.73 
  42  6.16 53.20 21.73 
  43  0.06 50.58 21.73 
  44 13.34 79.09 21.73 
  45  9.65 59.83 21.73 
  46  7.05 52.43 21.73 
  47  8.23 68.45 21.73 
  48 17.36 105.16 21.73 
  49 20.58 66.82 21.73 
  50 22.21 131.95 21.73 
  51 23.57 133.41 22.21 
  52 34.58 73.81 23.57 
  53 30.45 140.36 34.58 
  54 43.10 95.88 34.58 
  55 30.22 48.72 43.10 
  56 32.50 38.73 43.10 
  57 47.98 92.85 43.10 
  58 56.93 46.16 47.98 
  59 61.31 45.11 56.93 
  60 29.53 122.75 61.31 
  61 52.14 61.31 61.31 
  62 68.99 54.50 61.31 
  63 39.68 70.69 68.99 
  64 96.36 144.43 68.99 
  65 79.05 349.35 96.36 
  66 112.80 241.22 96.36 
  67 77.05 388.24 112.80 
  68 82.32 443.68 112.80 
  69 87.43 678.91 112.80 
  70 122.32 361.17 112.80 
  71 200.49 450.79 122.32 
  72 192.13 403.51 200.49 
  73 152.01 514.18 200.49 
  74 206.69 548.95 200.49 
  75 219.99 550.71 206.69 
  76 216.38 457.19 219.99 
  77 276.30 664.45 219.99 
  78 290.91 758.76 276.30 
  79 347.42 763.11 290.91 
  80 304.40 864.49 347.42 
  81 263.81 780.68 347.42 
  82 357.55 763.01 347.42 
  83 417.53 923.95 357.55 
  84 510.50 1133.16 417.53 
  85 435.07 1117.98 510.50 
  86 688.62 1308.55 510.50 
  87 666.22 1380.22 688.62 
  88 624.87 1331.46 688.62 
  89 772.34 1350.21 688.62 
  90 845.81 1589.36 772.34 
  91 1024.88 1931.67 845.81 
  92 954.61 2054.37 1024.88 
  93 1127.89 2138.77 1024.88 
  94 1118.31 2086.70 1127.89 
  95 1297.33 1907.61 1127.89 
  96 1317.44 2292.21 1297.33 
  97 1547.20 2299.55 1317.44 
  98 1531.08 2591.38 1547.20 
  99 1518.16 2868.48 1547.20 
 100 1861.99 2843.62 1547.20 
 101 1824.79 2694.06 1861.99 
 102 1877.88 2637.84 1861.99 
 103 2132.40 2885.26 1877.88 
 104 2346.21 2821.27 2132.40 
 105 2167.84 3112.33 2346.21 
 106 2442.26 3013.66 2346.21 
 107 2462.67 3243.83 2442.26 
 108 2655.02 3355.07 2462.67 
 109 2769.12 3402.25 2655.02 
 110 2809.58 3404.30 2769.12 
 111 2735.22 3131.44 2809.58 
 112 2734.77 3323.99 2809.58 
 113 2799.32 3306.24 2809.58 
 114 2979.35 3367.64 2809.58 
 115 2935.59 3274.69 2979.35 
 116 3112.11 3486.58 2979.35 
 117 3064.21 3317.47 3112.11 
 118 3046.93 3325.77 3112.11 
 119 3098.42 3385.27 3112.11 
 120 3031.81 3425.51 3112.11 
 121 3133.63 3482.52 3112.11 
 122 3303.86 3902.51 3133.63 
 123 3336.98 3924.28 3303.86 
 124 3396.07 4001.27 3336.98 
 125 3421.71 3974.59 3396.07 
 126 3475.55 3812.03 3421.71 
 127 3409.54 3928.03 3475.55 
 128 3490.46 3909.28 3475.55 
 129 3555.13 3929.17 3490.46 
 130 3505.92 3897.79 3555.13 
 131 3482.65 3895.68 3555.13 
 132 3662.39 3735.13 3555.13 
 133 3559.72 3801.94 3662.39 
 134 3597.71 3806.53 3662.39 
 135 3496.59 3840.43 3662.39 
 136 3602.58 3855.23 3662.39 
 137 3687.52 3947.05 3662.39 
 138 3651.22 3897.69 3687.52 
 139 3642.63 3866.82 3687.52 
 140 3522.14 4053.98 3687.52 
 141 3803.05 4057.14 3687.52 
 142 3706.97 4133.53 3803.05 
 143 3781.74 4177.10 3803.05 
 144 3836.51 4203.98 3803.05 
 145 3873.70 4006.21 3836.51 
 146 3909.85 4019.56 3873.70 
 147 3843.95 3948.81 3909.85 
 148 3999.97 3911.23 3909.85 
 149 3987.34 4052.20 3999.97 
 150 3852.11 4229.08 3999.97 
 151 3941.87 4086.88 3999.97 
 152 4123.68 4157.34 3999.97 
 153 4062.34 4076.78 4123.68 
 154 4096.86 4287.41 4123.68 
 155 3912.75 4245.56 4123.68 
 156 4004.64 4303.30 4123.68 
 157 4023.26 4317.71 4123.68 
 158 3919.67 4097.58 4123.68 
 159 3945.97 4311.19 4123.68 
 160 4117.54 4348.31 4123.68 
 161 3868.86 4374.68 4123.68 
 162 3981.15 4357.88 4123.68 
 163 3994.61 4328.18 4123.68 
 164 4118.71 4268.08 4123.68 
 165 4089.26 4328.53 4123.68 
 166 4229.15 4311.00 4123.68 
 167 4259.43 4357.81 4229.15 
 168 4226.54 4323.52 4259.43 
 169 4246.75 4288.76 4259.43 
 170 4164.90 4354.66 4259.43 
 171 4180.42 4287.54 4259.43 
 172 4247.58 4352.92 4259.43 
 173 4243.30 4400.92 4259.43 
 174 4137.84 4408.18 4259.43 
 175 4105.20 4083.47 4259.43 
 176 4082.99 3827.49 4259.43 
 177 4225.17 3959.06 4259.43 
 178 4264.50 4294.04 4259.43 
 179 4054.86 4284.69 4264.50 
 180 4185.70 4350.67 4264.50 
 181 4283.17 4422.12 4264.50 
 182 4243.51 4313.67 4283.17 
 183 4219.11 4155.15 4283.17 
 184 4222.54 4378.24 4283.17 
 185 4241.15 4153.95 4283.17 
 186 4165.09 4207.52 4283.17 
 187 4283.07 4361.04 4283.17 
 188 4279.82 4019.00 4283.17 
 189 4260.85 4152.17 4283.17 
 190 4322.61 3918.67 4283.17 
 191 4288.31 4402.56 4322.61 
 192 4345.07 4260.32 4322.61 
 193 4293.71 4331.27 4345.07 
 194 4334.61 4178.08 4345.07 
 195 4287.57 4051.35 4345.07 
 196 4381.23 4128.97 4345.07 
 197 4306.71 4247.08 4381.23 
 198 4394.90 4211.19 4381.23 
 199 4380.24 3772.95 4394.90 
 200 4376.49 4446.03 4394.90 
 201 4372.02 4016.20 4394.90 
 202 4242.96 4081.65 4394.90 
 203 4442.97 4513.06 4394.90 
 204 4334.45 4547.72 4442.97 
 205 4441.95 4378.15 4442.97 
 206 4452.84 4476.68 4442.97 
 207 4501.00 4607.50 4452.84 
 208 4498.73 4558.70 4501.00 
 209 4465.50 4621.63 4501.00 
 210 4486.60 4639.59 4501.00 
 211 4524.04 4672.58 4501.00 
 212 4364.82 4541.82 4524.04 
 213 4622.45 4586.49 4524.04 
 214 4465.84 4425.67 4622.45 
 215 4538.96 4565.38 4622.45 
 216 4507.23 4518.22 4622.45 
 217 4501.38 4292.39 4622.45 
 218 4497.35 4554.78 4622.45 
 219 4513.10 4568.25 4622.45 
 220 4530.02 4565.18 4622.45 
 221 4654.43 4687.62 4622.45 
 222 4596.74 4638.69 4654.43 
 223 4601.97 4756.26 4654.43 
 224 4553.09 4752.43 4654.43 
 225 4524.73 4773.31 4654.43 
 226 4577.04 4728.28 4654.43 
 227 4461.15 4633.22 4654.43 
 228 4603.37 4628.04 4654.43 
 229 4559.46 4738.63 4654.43 
 230 4624.64 4699.15 4654.43 
 231 4494.75 4591.90 4654.43 
 232 4595.55 4735.10 4654.43 
 233 4538.70 4611.56 4654.43 
 234 4558.45 4633.56 4654.43 
 235 4538.24 4690.62 4654.43 
 236 4624.24 4645.21 4654.43 
 237 4613.99 4572.28 4654.43 
 238 4566.06 4668.26 4654.43 
 239 4689.00 4645.63 4654.43 
 240 4595.46 4539.21 4689.00 
 241 4620.48 4495.31 4689.00 
 242 4595.36 4721.88 4689.00 
 243 4668.62 4769.75 4689.00 
 244 4588.79 4658.74 4689.00 
 245 4539.73 4783.57 4689.00 
 246 4697.35 4754.96 4689.00 
 247 4654.96 4812.89 4697.35 
 248 4662.31 4676.44 4697.35 
 249 4690.77 4633.46 4697.35 
 250 4636.35 4613.74 4697.35 
 251 4661.83 4540.98 4697.35 
 252 4382.43 4701.97 4697.35 
 253 4715.73 4676.54 4697.35 
 254 4702.45 4689.47 4715.73 
 255 4725.31 4714.33 4715.73 
 256 4711.71 4751.58 4725.31 
 257 4651.34 4752.84 4725.31 
 258 4741.85 4797.29 4725.31 
 259 4767.73 4813.93 4741.85 
 260 4771.51 4679.05 4767.73 
 261 4714.67 4844.28 4771.51 
 262 4592.20 4810.51 4771.51 
 263 4676.57 4910.92 4771.51 
 264 4737.97 4898.94 4771.51 
 265 4665.39 4783.90 4771.51 
 266 4748.80 4835.79 4771.51 
 267 4666.16 4880.87 4771.51 
 268 4829.18 4879.65 4771.51 
 269 4768.04 4727.19 4829.18 
 270 4748.71 4764.67 4829.18 
 271 4646.34 4765.04 4829.18 
 272 4770.45 4940.95 4829.18 
 273 4827.55 4938.98 4829.18 
 274 4652.64 4943.41 4829.18 
 275 4731.03 4948.62 4829.18 
 276 4754.36 4904.77 4829.18 
 277 4699.22 4923.97 4829.18 
 278 4749.25 4920.88 4829.18 
 279 4797.19 4935.31 4829.18 
 280 4679.44 4907.83 4829.18 
 281 4820.07 4929.27 4829.18 
 282 4654.24 4972.73 4829.18 
 283 4773.09 4872.67 4829.18 
 284 4804.37 4930.27 4829.18 
 285 4832.12 4958.82 4829.18 
 286 4797.44 4960.67 4832.12 
 287 4815.05 4927.38 4832.12 
 288 4785.45 4959.65 4832.12 
 289 4712.98 4967.27 4832.12 
 290 4721.40 4974.72 4832.12 
 291 4828.87 4984.44 4832.12 
 292 4885.95 4975.60 4832.12 
 293 4801.66 4989.83 4885.95 
 294 4802.70 4972.89 4885.95 
 295 4824.66 4998.18 4885.95 
 296 4750.17 4989.13 4885.95 
 297 4856.16 4989.49 4885.95 
 298 4802.18 4970.12 4885.95 
 299 4844.79 5012.73 4885.95 
 300 4807.61 5047.64 4885.95 
 301 4847.48 4985.71 4885.95 
 302 4836.80 5030.43 4885.95 
 303 4878.65 5017.33 4885.95 
 304 4828.09 4993.81 4885.95 
 305 4885.87 5036.57 4885.95 
 306 4867.08 4973.97 4885.95 
 307 4861.08 4938.61 4885.95 
 308 4833.72 4977.41 4885.95 
 309 4886.06 4971.45 4885.95 
 310 4821.84 4937.64 4886.06 
 311 4856.85 4947.33 4886.06 
 312 4737.53 4945.91 4886.06 
 313 4868.99 4994.79 4886.06 
 314 4922.73 4954.15 4886.06 
 315 4772.71 4926.76 4922.73 
 316 4898.36 4941.06 4922.73 
 317 4880.85 4978.47 4922.73 
 318 4822.24 5009.20 4922.73 
 319 4795.66 4983.66 4922.73 
 320 4836.64 4988.27 4922.73 
 321 4807.89 4962.97 4922.73 
 322 4898.80 4885.33 4922.73 
 323 4741.28 4974.44 4922.73 
 324 4812.22 4988.07 4922.73 
 325 4841.70 4974.80 4922.73 
 326 4817.14 4983.71 4922.73 
 327 4762.63 4952.47 4922.73 
 328 4814.25 4923.01 4922.73 
 329 4877.51 4952.94 4922.73 
 330 4906.04 4957.10 4922.73 
 331 4895.08 4976.12 4922.73 
 332 4883.05 4996.72 4922.73 
 333 4958.89 5017.76 4922.73 
 334 4955.77 4986.73 4958.89 
 335 4938.51 5032.36 4958.89 
 336 4842.31 5039.01 4958.89 
 337 4817.91 5044.53 4958.89 
 338 4884.46 5023.26 4958.89 
 339 4944.11 5057.95 4958.89 
 340 4897.06 5054.50 4958.89 
 341 4942.37 5021.62 4958.89 
 342 4957.81 5032.85 4958.89 
 343 4949.77 5020.08 4958.89 
 344 4922.09 5074.49 4958.89 
 345 4988.65 5054.32 4958.89 
 346 4918.07 5059.78 4988.65 
